45.13	287.5	0.1240460794294022
45.13	584.9	0.03424303667086547
287.5	584.9	0.09590902735563892
272.4	96.71	-0.06128385415066018
272.4	401.9	0.18705766572553134
96.71	401.9	-0.43272330758705896
96.71	V58.61	-0.44957429836603097
96.71	96.04	0.0059931688473405355
96.71	276.2	-0.3380319587887329
V58.61	96.04	-0.09758300093549344
V58.61	276.2	-0.2843779317956539
96.04	276.2	-0.4096937513036185
244.9	V58.61	0.05569199287707416
244.9	401.9	0.027533380121696625
244.9	414.01	0.0011038494852738273
244.9	96.71	-0.06686458277961363
244.9	427.31	0.06192107534184255
V58.61	401.9	0.02873149562769894
V58.61	414.01	0.007115672928119734
V58.61	96.71	-0.06297062298023133
V58.61	427.31	0.34594394431790126
401.9	414.01	0.13491102210749126
401.9	96.71	-0.12041795328094372
401.9	427.31	0.02512742397607791
414.01	96.71	-0.16984010196316052
414.01	427.31	0.1257207666864842
96.71	427.31	-0.07886552821861056
285.9	38.91	-0.0017395149413850343
285.9	96.04	-0.026940297074038486
285.9	401.9	0.019691488374303286
285.9	276.1	0.058680834288802705
285.9	96.72	0.02105740396356939
285.9	38.93	0.002545764730157698
38.91	96.04	0.30877490970233545
38.91	401.9	-0.051052091788488047
38.91	276.1	-0.005566376104207992
38.91	96.72	0.3562525591297317
38.91	38.93	0.2773236835356838
96.04	401.9	-0.1004453841099335
96.04	276.1	-0.08560937383701067
96.04	96.72	0.43246749029792503
96.04	38.93	0.20899708256045776
401.9	276.1	-0.11381256138486971
401.9	96.72	-0.08219472336038014
401.9	38.93	-0.10939509099588055
276.1	96.72	0.047039346707739134
276.1	38.93	0.09298712268410556
96.72	38.93	0.311827724977013
V15.82	96.6	-0.43664294823877486
V15.82	96.72	-0.06697339342167204
V15.82	401.9	0.07884332376495945
96.6	96.72	0.5329838707964254
96.6	401.9	-0.11509916772572157
96.72	401.9	-0.5467692260233538
995.92	96.6	0.15067647352189756
995.92	038.9	0.6691306892977724
995.92	276.2	0.25165228742397266
995.92	96.71	0.012835707054208431
995.92	38.93	0.29432524003626703
96.6	038.9	0.12287122496151669
96.6	276.2	0.06384051695933467
96.6	96.71	0.023184127773743745
96.6	38.93	0.22803377656802362
038.9	276.2	0.218686959150327
038.9	96.71	0.045899948609566275
038.9	38.93	0.2541603176733532
276.2	96.71	0.059466174384284774
276.2	38.93	0.13909265279331245
96.71	38.93	0.05382043706774144
995.92	38.91	0.20992852421197147
995.92	518.81	0.31427603952633637
995.92	96.04	0.18541355914738625
995.92	486	0.19047298416270728
995.92	276.1	0.12782605585974163
995.92	96.72	0.31203864064970904
995.92	584.9	0.2819599787761995
038.9	38.91	0.17638163268002408
038.9	518.81	0.2645845145560539
038.9	96.04	0.15892426466657772
038.9	486	0.2294624845475573
038.9	276.1	0.06746981477544231
038.9	96.72	0.21977300267119565
038.9	584.9	0.25284413845037496
276.2	38.91	0.1836079223649895
276.2	518.81	0.1993815381833709
276.2	96.04	0.12339169964482606
276.2	486	0.11240822612482106
276.2	276.1	0.1401564275513872
276.2	96.72	0.16813472670024052
276.2	584.9	0.20186266521363583
38.91	518.81	0.2776660038167118
38.91	486	0.11265640721633818
38.91	584.9	0.062139545637740524
518.81	96.04	0.420298647244655
518.81	486	0.2494966161536969
518.81	276.1	-0.00778797555367926
518.81	96.72	0.42940187210036507
518.81	584.9	0.16368949521772438
96.04	486	0.10922086417181785
96.04	584.9	0.01684394403360015
486	276.1	0.03588553640236167
486	96.72	0.16987414095386297
486	584.9	0.10018707673750522
276.1	584.9	0.0885675243562722
96.72	584.9	0.020657715413733735
96.71	311	-0.2763791042656198
96.71	38.91	-0.25441576106941427
311	96.04	-0.3204055539910848
311	38.91	-0.304081359008907
96.04	38.91	-0.38948925532673334
36.15	272.0	0.2624796651599477
36.15	285.9	0.042863157667247694
36.15	88.56	0.3731786925877799
36.15	39.61	0.7535604436515388
36.15	401.9	0.21272296524538817
36.15	37.22	0.4367892638286264
36.15	414.01	0.556641393370308
36.15	250.00	0.15861032817095203
272.0	285.9	-0.011304145487870957
272.0	88.56	0.0025269455953756638
272.0	39.61	0.22075371422654433
272.0	401.9	0.17798803256142878
272.0	37.22	0.13219902863440097
272.0	414.01	0.19920328405711074
272.0	250.00	0.06457294031624843
285.9	88.56	-0.1902481133222534
285.9	39.61	0.05783195457301938
285.9	37.22	0.007994682637651662
285.9	414.01	0.0054451936495023175
285.9	250.00	0.002391828235432394
88.56	39.61	0.2811737762180853
88.56	401.9	0.047872319043844536
88.56	37.22	0.5336936178932924
88.56	414.01	0.4400560958462877
88.56	250.00	0.09824089483824766
39.61	401.9	0.19547274650835222
39.61	37.22	0.3531087664403029
39.61	414.01	0.45001277390573174
39.61	250.00	0.11282315303170655
401.9	37.22	0.11395637222462641
401.9	250.00	0.06028179035582001
37.22	414.01	0.42729625686690637
37.22	250.00	0.10608059073155807
414.01	250.00	0.16201186579347815
518.81	38.93	0.22440157571944416
486	38.93	0.11317087760801789
38.93	584.9	0.11759148405085001
88.56	272.0	-0.035486932193383156
88.56	37.23	0.5753747892095007
88.56	428.0	0.03794863005410102
88.56	427.31	0.04491674632573319
272.0	37.23	0.12103485179948734
272.0	428.0	-0.04230141144861703
272.0	427.31	0.03386795639691104
37.23	428.0	0.17748369026098168
37.23	414.01	0.3342186094385176
37.23	427.31	0.042584390887720716
428.0	414.01	0.11732891893639165
428.0	427.31	0.2043038001301029
38.93	038.9	-0.38070204970500343
96.71	518.81	-0.3475909292286119
518.81	38.91	-0.4083272718419824
99.04	272.0	-0.44474251778228857
272.0	530.81	0.07374728344447389
530.81	401.9	0.09760966033385851
285.1	99.04	0.26128209469244584
285.1	45.13	0.3466221469164364
99.04	45.13	0.20115986699587837
038.9	250.00	0.025430606600430054
518.81	96.71	0.2712391905446214
518.81	250.00	-0.006874654075950132
96.04	96.71	0.36834828362037525
96.04	250.00	-0.07644195628309743
96.71	250.00	-0.18980832083889396
96.71	584.9	-0.013274342485382899
250.00	584.9	0.021073881565099352
99.04	38.93	0.18801826264763175
995.92	99.04	0.12374428842129044
995.92	99.15	0.15500829763257518
995.92	410.71	0.03794149035509815
995.92	88.72	0.08131198375007484
995.92	401.9	-0.07252578308434746
995.92	428.0	0.11140867670656229
995.92	V45.81	0.08273336527803246
96.6	99.04	0.07218108888100336
96.6	99.15	0.3253750444295669
96.6	410.71	-0.05786271041933654
96.6	88.72	0.010767508951036339
96.6	96.04	0.29563184719624996
96.6	428.0	-0.04683012166346615
96.6	V45.81	-0.0809008665597249
99.04	276.2	0.031053052225402434
99.04	99.15	0.15323358633507062
99.04	410.71	0.07900027049839368
99.04	88.72	0.14382284313411822
99.04	96.04	0.07474384541712834
99.04	401.9	-0.02122073673822446
99.04	428.0	0.058348798660629315
99.04	96.72	0.17169716813617725
99.04	V45.81	0.041450003612794065
276.2	99.15	0.008607515446055505
276.2	410.71	-0.02110762931865526
276.2	88.72	-0.07485206870177562
276.2	401.9	-0.07345176758440781
276.2	428.0	0.026931993779890476
276.2	V45.81	-0.0682572564087281
99.15	410.71	-0.11716521320484642
99.15	88.72	-0.040348556331592234
99.15	96.04	0.11997749072872925
99.15	401.9	-0.17673696690341695
99.15	428.0	-0.09403146443679378
99.15	96.72	0.28410280528886683
99.15	V45.81	-0.12317405241084087
99.15	38.93	0.24093053011057677
410.71	88.72	0.03925196830202671
410.71	96.04	-0.020531707310241957
410.71	401.9	0.037662134662436834
410.71	428.0	0.18792028798467778
410.71	96.72	0.017761503284300387
410.71	V45.81	0.09046644075047124
410.71	38.93	-0.010627706358941462
88.72	96.04	-0.13069052433464937
88.72	401.9	0.024828294458500117
88.72	428.0	0.061755361643477155
88.72	96.72	0.09777670668042038
88.72	V45.81	-0.014546392056449529
88.72	38.93	0.08496008593356351
96.04	428.0	0.010063897263811034
96.04	V45.81	-0.088283988558856
401.9	428.0	-0.05476352923183937
401.9	V45.81	-0.043465976044852785
428.0	96.72	0.0610372182006257
428.0	V45.81	0.17006602477600188
428.0	38.93	0.04297999031181263
96.72	V45.81	-0.059889308814739785
V45.81	38.93	-0.28644054100043176
285.1	424.0	-0.017213585520854096
285.1	272.0	-0.006207855675009421
285.1	244.9	0.004576621297522109
285.1	250.00	-0.028195826058640693
424.0	272.0	-0.12603619692398568
424.0	244.9	0.010787716232247549
424.0	250.00	0.03356181148784795
272.0	244.9	0.006609803231967362
244.9	250.00	0.00617585297453939
995.92	511.9	0.07915679904162153
995.92	39.95	0.21523414444393216
995.92	530.81	-0.004202009008820201
995.92	585.9	0.10077637101551953
995.92	414.01	-0.09674045725642956
995.92	403.90	0.06506758520273168
511.9	39.95	0.025675884758677766
511.9	038.9	0.10316813121673465
511.9	530.81	0.008804017949602512
511.9	585.9	0.01579057295682714
511.9	486	0.15063358914005062
511.9	414.01	-0.03133077606720261
511.9	403.90	0.0263406376527675
511.9	96.72	0.16050748142482277
511.9	V45.81	0.05048042926896785
511.9	584.9	0.04395320848243923
39.95	038.9	0.097383419300849
39.95	530.81	-0.09980057743495421
39.95	585.9	-0.1026558695340646
39.95	486	0.07492597055803843
39.95	414.01	-0.06537188825614727
39.95	403.90	-0.06444633579409847
39.95	96.72	0.15121236331673213
39.95	V45.81	0.1048393657961679
39.95	584.9	0.02121521232370541
038.9	530.81	0.0031295581427353116
038.9	585.9	0.04435910093710603
038.9	414.01	-0.10870811462890559
038.9	403.90	0.042677002279637846
038.9	V45.81	0.060384800453573445
530.81	585.9	0.06684106831779964
530.81	486	-0.031769418922253115
530.81	414.01	0.054539844127466264
530.81	403.90	0.05727887522538374
530.81	96.72	-0.10364015677001893
530.81	V45.81	0.022099351120456592
530.81	584.9	0.002902327184809896
585.9	486	0.027273024255433386
585.9	414.01	0.05718254504124033
585.9	403.90	0.48052536540785235
585.9	96.72	-0.02761301042874565
585.9	V45.81	0.19978689719122408
585.9	584.9	0.3092317917993216
486	414.01	-0.06498187184495814
486	403.90	-0.05565884384464546
486	V45.81	0.02677948655148707
414.01	403.90	-0.06569316834577593
414.01	96.72	-0.1487788461361319
414.01	V45.81	-0.08195822494080143
414.01	584.9	-0.06800097058582741
403.90	96.72	-0.022813247017279506
403.90	V45.81	0.2059860720929161
403.90	584.9	0.2874707130752333
V45.81	584.9	0.0834555335300198
V45.81	401.9	-0.3202357025025155
311	250.00	-0.02785917635104986
311	401.9	-0.29453555505814644
250.00	401.9	-0.36431488296635656
038.9	401.9	-0.05994735677614611
518.81	401.9	-0.05121304977555811
88.56	038.9	-0.29575094551436537
88.56	276.2	-0.18727660932718443
88.56	45.13	-0.223809907203427
88.56	96.04	-0.18554164773291604
88.56	96.71	-0.10270207493866321
038.9	37.23	-0.11437466921815712
038.9	45.13	-0.02671999151634235
37.23	276.2	-0.08426459474714097
37.23	45.13	-0.10870591254177712
37.23	96.04	-0.040133024863756486
37.23	401.9	0.04635652444828066
37.23	96.71	-0.04114827046854204
276.2	45.13	0.006607937592128624
276.2	414.01	-0.10450414569609708
45.13	96.04	0.022495598801747483
45.13	401.9	-0.06500350577907804
45.13	414.01	-0.11750684571745196
45.13	96.71	-0.09389841368655077
96.04	414.01	-0.17450452082770052
96.71	99.04	-0.48089620042479125
305.1	401.9	0.018493604607163306
272.0	486	-0.04778718817786066
486	401.9	-0.0406024959028005
272.0	V45.81	0.06328740567397696
96.71	496	-0.4206077442277691
496	96.04	-0.03481626789665013
496	401.9	0.01562918145741584
96.6	599.0	0.02017814227900177
99.04	599.0	0.0711772169485427
599.0	96.04	-0.008093008911592458
599.0	401.9	-0.00213020553688006
599.0	96.72	0.0565567350394353
99.15	96.6	-0.4503303750056716
99.15	287.5	0.06443070886247397
99.15	39.95	-0.332183180707753
96.6	287.5	0.04696794082499205
96.6	39.95	0.04460622883268326
287.5	39.95	-0.18686139723812237
285.1	99.15	0.035212779977242106
285.1	38.93	0.026479833782126833
401.9	584.9	-0.09097197572436948
36.15	424.0	0.13971292560206452
36.15	39.95	-0.11023451341322343
36.15	428.0	-0.04492032006776568
36.15	38.93	-0.21830735134854695
36.15	427.31	0.11845350512210791
424.0	39.95	0.02411648720849641
424.0	39.61	0.21013104457282133
424.0	428.0	0.1999457825914408
424.0	37.22	0.08925919715019513
424.0	88.56	-0.0947862609721358
424.0	38.93	-0.0632481078788129
424.0	427.31	0.12458866034761225
39.95	39.61	-0.12589465786396345
39.95	428.0	0.14813798235343312
39.95	37.22	-0.04704440535486409
39.95	88.56	-0.1815179645413538
39.95	38.93	0.0844182927249254
39.95	427.31	0.011448488612743689
39.61	428.0	-0.02158667197678495
39.61	88.56	-0.14319625671296865
39.61	38.93	-0.18455031667177238
39.61	427.31	0.177941065971807
428.0	37.22	0.041239245990976656
428.0	88.56	-0.1845191756296117
37.22	88.56	0.06347097130357744
37.22	38.93	-0.14580576071619009
37.22	427.31	0.027021151336116274
88.56	38.93	-0.15321807691414654
38.93	427.31	-0.10321763397256908
995.92	496	0.05481856310010275
038.9	496	0.030754698159893856
038.9	428.0	0.09608794951283943
496	486	0.07467078391584238
496	428.0	0.15685209057804345
496	38.93	0.023278771075774054
486	428.0	0.14139571764301745
414.01	412	-0.2521008202420879
414.01	305.1	-0.35371408772732515
414.01	401.9	-0.49784165421159815
412	305.1	-0.3773789811315331
412	401.9	0.08460528235833487
511.9	272.0	-0.054431064693142336
511.9	518.81	0.10671071198148287
511.9	401.9	-0.03280809844178727
272.0	518.81	-0.1011779117451599
96.6	518.81	0.23368026791627694
96.6	486	0.10651258957571637
250.00	305.1	-0.4564545968489529
518.81	428.0	0.1297635035161211
518.81	427.31	0.03633066675443484
96.04	427.31	-0.043691807518144624
428.0	96.71	-0.034967490161347176
96.6	33.24	0.32363076756367354
96.72	33.24	-0.23713141242884836
38.93	33.24	-0.3654310819704333
410.71	584.9	0.08623366951390776
250.00	272.0	-0.31947967581023234
96.6	403.90	-0.08301662619712065
96.6	427.31	-0.012754474621672113
403.90	427.31	0.14296026054975827
96.72	427.31	0.05667809874407239
518.81	39.95	-0.4454061043621822
96.04	39.95	-0.40073260486098966
96.72	39.95	-0.46567623847922335
424.0	272.4	0.033253875327047995
424.0	38.91	-0.08858442447434121
424.0	496	0.009468818910998194
424.0	96.04	-0.07595257784921805
424.0	401.9	0.02734503930876726
272.4	38.91	-0.06752114961308844
272.4	496	0.03929140335655221
272.4	96.04	-0.13831504546545784
38.91	496	0.04980771403915762
39.95	272.4	-0.06034810561994732
39.95	250.00	-0.04037166885644809
038.9	272.4	-0.067018355352321
272.4	428.0	0.059477539000238784
272.4	250.00	0.1423280769145611
428.0	250.00	0.08778441420958447
272.4	518.81	-0.05437984334993729
272.4	38.93	-0.0928488989705666
272.4	287.5	0.012760174428923313
38.91	96.71	0.1296234795489992
38.91	250.00	-0.03894270436687729
38.91	287.5	0.07564014900527086
518.81	287.5	0.11471373822634985
401.9	287.5	-0.06566265645694208
96.71	287.5	-0.09959151265860453
250.00	38.93	-0.006539329935621458
250.00	287.5	-0.020852895713442673
38.93	287.5	-0.2145768737683326
99.04	39.61	0.023561699279266785
88.72	39.61	-0.21353706784188017
99.04	96.71	-0.07553078118714318
99.04	38.91	0.12305572393910219
99.04	V58.61	-0.0032316608997806744
99.04	244.9	-0.0008331807171279886
V58.61	244.9	-0.34912062144046296
414.01	39.61	-0.3596653198023462
414.01	36.15	-0.30332940246322904
39.61	36.15	-0.21105255032504497
995.92	599.0	0.1807983058120086
99.04	276.1	0.0059242816035000425
38.91	599.0	0.03389858189982817
599.0	276.1	0.04101177902720682
599.0	38.93	0.1254043776664112
599.0	496	0.03105688509699738
599.0	428.0	0.09546159506165242
599.0	96.71	-0.039474986986544475
599.0	250.00	0.021840550788832156
496	96.71	-0.04809733813235842
496	250.00	0.04637621752115369
518.81	311	0.01859289294529353
96.04	311	-0.08224842391272598
401.9	311	-0.05233959138553198
311	96.71	-0.05931169989775038
285.9	276.2	-0.018776485753000963
285.9	496	0.0023383181668413283
285.9	88.72	-0.0633504155731123
285.9	427.31	0.018727733689769474
276.2	39.61	-0.2047264807231429
276.2	496	0.00862913492753191
276.2	427.31	0.008429979110758842
39.61	496	-0.036395489513761835
39.61	88.72	0.3344900248871687
39.61	96.72	-0.16905526808477103
496	88.72	-0.015886018482978145
496	96.72	0.030395389316345434
496	427.31	0.08646391412055865
88.72	427.31	0.12662532854372843
272.0	39.95	-0.11766926152474809
272.0	99.04	-0.015035077611921193
272.0	305.1	-0.021171733790998577
39.95	99.04	0.03714424503876037
39.95	305.1	-0.07523567146208772
99.04	305.1	-0.06621914459721585
99.04	530.81	-0.054405031413542006
99.04	414.01	-0.02382427028657619
305.1	530.81	0.011614447318721787
305.1	414.01	0.021220459115331037
285.1	38.91	-0.007874278977765735
285.1	88.72	-0.0424477860211047
285.1	96.71	-0.10016047870305213
38.91	88.72	0.019639317393407338
88.72	96.71	-0.09592644592272967
285.1	401.9	-0.0010289764411899405
414.01	272.0	-0.3769016870081464
39.61	272.0	-0.32483049923802737
272.0	36.15	-0.3639213276218285
96.04	287.5	0.02964500720695329
36.15	V15.82	0.1296923500476749
272.0	424.0	-0.0768996234505932
272.0	V15.82	0.05249012553302248
88.56	424.0	0.10703742179696207
88.56	V15.82	0.03840917587878958
424.0	V15.82	0.041003940936167736
424.0	414.01	0.11725301151141652
39.61	V15.82	0.10552198551624042
V15.82	37.22	0.06580538558519602
V15.82	414.01	0.13599354266647576
36.15	37.23	0.18869040579353902
37.23	39.61	0.2088791586978928
37.23	250.00	0.06465609723587308
96.6	38.91	0.2283039870415572
272.4	414.01	0.18303277819629732
272.4	V45.81	0.19407314914255458
250.00	V45.81	0.09091194713035179
96.6	88.56	-0.19730917298360942
96.6	39.61	-0.22401987100929366
96.6	414.01	-0.21546441688150186
88.56	410.71	0.3303260505363406
88.56	96.72	-0.10892438981736621
39.61	410.71	0.15619037632572463
410.71	414.01	0.2802894486952859
410.71	427.31	0.030214769851845607
250.00	530.81	-0.365177132330282
V15.82	287.5	-0.04144274090195206
39.95	410.71	0.08837446996072033
39.95	496	0.0001352204680671432
39.95	518.81	0.10916294437945548
410.71	496	0.04401683753079213
410.71	518.81	0.05136254757357188
410.71	37.22	0.3615925565780362
496	518.81	0.05135395664173603
496	37.22	-0.0029385949219834224
496	414.01	0.06073381570290202
496	584.9	0.03337926814947827
518.81	37.22	-0.1803843489874932
518.81	414.01	-0.13687452517567006
428.0	584.9	0.147214431120154
37.22	584.9	-0.11499694094126581
424.0	412	0.11918064030768309
424.0	276.1	-0.031245427256338002
424.0	V45.81	0.04362831866793127
272.0	412	0.07922024758604836
272.0	276.1	-0.07022610105673047
412	276.1	-0.05547347793202186
412	V45.81	0.20468765149046003
276.1	V45.81	0.00991905090377875
285.1	428.0	-0.020513619007274452
96.6	507.0	0.19711240109236805
96.6	584.9	0.002407570372828417
38.91	507.0	0.14584466171258262
38.91	428.0	0.004417134717161636
518.81	507.0	0.29364262542355857
96.04	507.0	0.20199442156324635
507.0	428.0	0.05393886681840869
507.0	96.72	0.22464995515905897
507.0	38.93	0.1360515274377388
507.0	584.9	0.09458685379808575
285.1	96.04	-0.04241321290656517
96.71	599.0	-0.43557938861373574
96.71	276.1	-0.2484448384295009
276.1	96.04	-0.15886392772382935
414.01	287.5	-0.09663895994171767
414.01	496	-0.39184065166805365
414.01	530.81	-0.41513746472553753
287.5	496	-0.27360053245441357
287.5	530.81	-0.3460013957680922
496	530.81	-0.2668107634134695
401.9	272.0	-0.5632619754438939
305.1	276.1	0.038800684876743013
305.1	496	0.11932155667356936
305.1	507.0	0.007405371425706934
305.1	250.00	-0.016570144823722235
305.1	96.71	-0.005526696092728192
276.1	496	-0.18324464121167416
276.1	507.0	-0.1164826968879481
276.1	401.9	-0.23851427416818272
276.1	250.00	-0.13402467937645002
276.1	96.71	-0.0882983170483466
496	507.0	0.037703130396251984
507.0	401.9	-0.042078528178750144
507.0	250.00	-0.05594911180602965
507.0	96.71	0.11495682179083952
250.00	96.71	-0.2245932540927883
V15.82	585.9	-0.025935229210162225
V15.82	272.0	-0.26576163411616527
585.9	272.0	-0.36116090236515297
36.15	244.9	-0.05633478562107377
39.61	244.9	-0.055624263026757256
244.9	428.0	0.06856077543385558
36.15	272.4	0.17783876830763226
272.4	39.61	0.1658904839825563
36.15	88.72	0.2612374648958663
88.72	414.01	0.13205108092610188
96.71	585.9	-0.41501411196533755
96.71	403.90	-0.40730317924642795
585.9	96.04	-0.08321764264213853
96.04	403.90	-0.2517409458322594
995.92	33.24	0.25854396730465834
995.92	427.31	0.07240627589211564
96.6	511.9	-0.1647896671942301
511.9	99.04	0.062427612571485
511.9	99.15	0.1297833381459992
511.9	88.72	0.10754905338184927
511.9	96.04	0.053173300347858124
511.9	33.24	0.12449050139430869
511.9	428.0	0.033762830661995424
511.9	427.31	0.10283509125017071
511.9	38.93	0.12231654703664269
39.95	99.15	0.08627169966290553
39.95	88.72	0.05574292013346884
39.95	96.04	0.057352548768748034
39.95	33.24	0.11174905260875986
99.04	33.24	0.07259098069316339
99.04	427.31	0.03912859050174971
99.15	33.24	0.1726175171952798
99.15	427.31	-0.08984615502119087
88.72	33.24	0.03823130770299501
96.04	33.24	0.26198955945725133
33.24	428.0	0.00491107366681295
33.24	96.72	0.4405216271679238
33.24	427.31	0.016654738355210922
33.24	38.93	0.18859181283384682
427.31	38.93	-0.27690209544652045
285.9	V45.81	-0.03981605764669193
V45.81	427.31	0.11524366771055981
038.9	99.04	0.07133799792202936
99.04	518.81	0.039185950634083686
99.04	250.00	-0.013686223009704648
276.2	250.00	0.004222934453362731
96.6	305.1	-0.07642045683866744
305.1	99.15	-0.08192750247806882
305.1	96.04	-0.025594813201394777
305.1	486	-0.011636064763780336
305.1	33.24	0.08534817960043332
305.1	96.72	-0.008710264558497133
305.1	38.93	-0.008570604619489185
99.15	486	0.0005903335774186094
486	33.24	0.2438232254461744
36.15	412	0.140075929001716
88.56	412	0.03737344245820558
39.61	412	0.09877453795212555
412	37.22	0.08330903819724131
412	414.01	0.2791505064888708
511.9	36.15	-0.04002059458652994
511.9	285.9	0.04638681345169099
511.9	39.61	-0.004283777161345941
511.9	244.9	0.045278798336449114
36.15	99.04	-0.0035449114323269915
36.15	530.81	0.08209004820712104
272.0	88.72	0.05354309155452892
285.9	99.04	0.016047805681693485
285.9	530.81	0.0736919562893223
285.9	244.9	0.05685394302808206
39.61	530.81	0.06230186473501551
530.81	244.9	0.08113392324326969
530.81	88.72	-0.08880916953459964
244.9	88.72	-0.04661340451841744
99.04	96.6	-0.493779422346616
36.15	496	-0.023979492231104536
530.81	496	0.05667591785241556
530.81	37.22	0.04659756427945522
311	584.9	0.07658226156975168
96.6	311	-0.1057546640402033
38.91	311	-0.0313756226006966
88.56	272.4	0.05951814469305246
272.4	37.22	0.17120076149139052
39.95	599.0	-0.032487321626404025
038.9	99.15	0.13140209611232437
038.9	599.0	0.14575987434611565
038.9	33.24	0.1920497827382445
99.04	584.9	0.02739656031527728
99.15	599.0	-0.032337273669688055
99.15	584.9	-0.044703746306225686
599.0	33.24	0.02210499666134672
599.0	584.9	0.12588203663416314
33.24	584.9	0.02785967632529646
99.04	311	-0.04889428917038003
96.6	285.9	0.001451730036795689
37.23	412	0.02625479003601836
37.23	V15.82	0.052691443104744794
37.23	410.71	0.32216315110076843
37.23	88.72	0.1419988518761289
37.23	38.93	-0.14678852261571157
V15.82	410.71	0.04039725702535225
V15.82	96.04	-0.053047939412643345
V15.82	88.72	0.04844718810047766
V15.82	428.0	0.047902401614056504
V15.82	96.71	-0.04100981800802323
V15.82	38.93	-0.06986196256534194
410.71	96.71	-0.007320317074706172
96.04	88.72	-0.15067211558761912
414.01	38.93	-0.13748075663629283
272.0	276.2	-0.10257694786842292
272.0	96.71	-0.12178672993463202
276.2	530.81	9.88484724561817e-06
530.81	96.71	-0.11787565319362336
38.91	33.24	0.23876697990814777
96.72	486	-0.3217622586503698
88.56	285.9	-0.054686957645939505
250.00	427.31	0.07559521519587578
88.72	412	0.020287908551481756
88.72	250.00	0.009422863872252085
412	250.00	0.09823857688426431
39.95	285.9	-0.02536667218077238
39.95	96.71	-0.078603167371783
285.9	99.15	-0.07279033193884311
285.9	96.71	-0.026752182895811532
99.15	96.71	-0.08634967406336756
V15.82	412	0.17066555165429215
96.71	99.15	-0.1743589683132737
96.04	99.15	-0.19926645639419774
599.0	414.01	-0.05474663968670374
599.0	39.61	-0.5159397047323501
599.0	427.31	0.08848111386291233
38.91	V58.61	-0.03654010830880484
38.91	427.31	0.03544082107290773
V58.61	250.00	0.0647716005201345
V58.61	96.72	-0.05901248015813421
V58.61	38.93	-0.026441186550731268
250.00	96.72	-0.025133587031867438
38.91	285.9	-0.30383508124342967
584.9	99.15	-0.3204966238941431
584.9	38.91	-0.29670523646920505
584.9	518.81	-0.3056175024291987
584.9	96.04	-0.34417286951917414
584.9	486	-0.31017006319870416
584.9	96.72	-0.2067406070790843
584.9	427.31	-0.3620702242728836
584.9	38.93	-0.3624677424402553
99.15	38.91	0.0670445301123366
99.15	518.81	0.06910878714312026
486	427.31	0.03433555117319293
424.0	530.81	-0.00865861138198225
530.81	428.0	-0.0010233364258783672
38.91	272.0	-0.4289240862833098
38.91	530.81	-0.06466425388963075
272.0	599.0	-0.04404888383534516
244.9	599.0	0.06784851706528744
244.9	276.1	-0.011046593462888835
96.71	272.0	-0.4559285758832129
96.04	272.0	-0.48630494326766727
272.0	410.71	0.027265539624230197
530.81	410.71	0.001869992663670445
511.9	250.00	0.011619127337848324
250.00	99.15	-0.4402899383462857
99.04	V15.82	-0.054133494840275055
V15.82	311	0.06167943137374607
311	38.93	-0.003234718416397652
36.15	410.71	0.24982742354268755
410.71	V15.82	-0.3604450541275082
424.0	038.9	-0.06921505738739464
424.0	410.71	0.13993192254766001
424.0	486	-0.012635507438628877
038.9	410.71	0.04448933983378344
038.9	427.31	0.04543048831499795
272.4	410.71	0.10150403755458338
272.4	486	0.0051260184327592525
272.4	427.31	0.07571039522386895
38.91	410.71	0.030749554079670217
410.71	486	0.07377494023495801
96.6	424.0	-0.1386319654566744
424.0	518.81	-0.04102962410557264
424.0	507.0	-0.16097562344897742
424.0	96.72	-0.07553733216335388
507.0	427.31	0.016380687325269486
99.04	486	0.02648278868629226
995.92	305.1	-0.0014823302658081396
995.92	507.0	0.1715884164920994
99.04	507.0	0.028938653273385528
305.1	428.0	-0.06779494399541526
99.15	507.0	0.04993117692365098
250.00	412	-0.3175204463707394
96.71	414.01	-0.468375859928094
96.71	V45.81	-0.0354845151410768
414.01	96.04	-0.6308945019827158
410.71	96.6	-0.5100561294644349
410.71	507.0	0.001601197935033104
96.72	507.0	-0.323259948630919
995.92	287.5	0.22264132551581464
584.9	99.04	-0.3937086304204224
584.9	88.72	-0.3836446509330087
584.9	428.0	-0.38290507299750975
584.9	287.5	-0.26032430681153673
99.04	287.5	0.12424892898623591
88.72	287.5	0.03316853027671691
428.0	287.5	-0.0009731370338076063
287.5	96.72	0.09218927788229
287.5	427.31	0.034532694637382504
287.5	38.93	0.049437262675266845
96.6	272.0	-0.145912284527991
99.15	272.0	-0.4227128455791154
285.1	272.4	-0.0069220428690030976
272.4	530.81	0.11699980804833204
272.4	244.9	0.055004456679621436
272.4	V15.82	0.16839469326360573
530.81	V15.82	0.0810635270074112
244.9	V15.82	0.017118161101619036
38.93	401.9	-0.529211892200423
88.56	88.72	0.09953204997621554
88.72	37.22	0.12260152942933498
511.9	272.4	-0.02529901552295614
511.9	96.71	-0.04608468614323716
96.71	530.81	-0.41869693628831145
530.81	427.31	0.010311416582937737
285.1	V45.81	0.029150895268732945
285.1	427.31	0.006852119079259346
244.9	V45.81	0.06140863600468715
272.4	37.23	-0.01047322751958062
88.56	496	-0.007007218206432968
424.0	37.23	0.18683453421915344
424.0	88.72	0.1554328332108611
37.23	496	0.038896904352863984
518.81	276.2	-0.3800963672997855
401.9	39.61	-0.5960053182560291
96.6	36.15	-0.26158167096014895
96.6	37.23	-0.14962177547677272
96.6	530.81	-0.12438032007099803
88.56	530.81	-0.01362980926975661
37.23	530.81	-0.057641780799180316
38.91	414.01	-0.10170710654461718
272.0	38.91	-0.1025743236632003
272.0	496	-0.018164735879421898
272.0	38.93	-0.09390631627861007
276.2	599.0	0.050838766313514076
250.00	88.72	-0.5039296492274897
250.00	96.04	-0.5941563516932811
486	96.71	0.01035877149875715
424.0	99.04	0.022955602498046335
99.04	412	-0.011762996770978086
V15.82	427.31	0.08015099967921349
412	427.31	0.08832147350188964
272.0	038.9	-0.08333441077176452
272.0	584.9	-0.06662880314281683
599.0	518.81	0.061329752226266
599.0	88.72	-0.009471991611117194
599.0	507.0	0.07667632677244884
518.81	88.72	-0.06986103673053372
88.72	507.0	-0.07620135250988261
424.0	599.0	-0.0057178878545303775
530.81	599.0	-0.03174154896498468
530.81	276.1	-0.046082170516307
96.71	96.6	-0.3069002259574963
530.81	412	0.05499332143319154
530.81	250.00	0.002614273746641326
412	428.0	0.13904917124403965
414.01	88.56	-0.2663278443698252
96.6	45.13	0.062401622128374856
272.0	99.15	-0.17558990559273008
272.0	45.13	-0.07197597100444834
272.0	96.04	-0.13775315167136687
305.1	45.13	-0.03544332966784828
99.15	45.13	0.11560279388135568
45.13	486	-0.011481757390204158
36.15	599.0	-0.11306873523381637
36.15	96.72	-0.20402852876205801
88.56	99.04	-0.06238968401835959
88.56	599.0	-0.1283087864861968
272.4	99.04	-0.11215019473429219
272.4	599.0	-0.03447216347953136
272.4	88.72	0.018745560818812516
272.4	96.72	-0.13341605683537822
99.04	37.22	-0.01397282566825787
39.61	599.0	-0.1288834415295557
599.0	410.71	0.06499573136049214
599.0	37.22	-0.0794005609018482
37.22	96.72	-0.16390456756254446
285.1	287.5	0.15871778659664715
285.1	486	-0.059283511901089166
287.5	486	-0.31712300906318297
287.5	424.0	-0.3104893701569519
486	424.0	-0.36890929452381754
287.5	285.9	-0.2781928803573118
88.56	305.1	0.07067133268050042
305.1	37.22	0.10827081409905359
88.56	244.9	-0.07411282054175557
37.23	244.9	-0.015650586695450885
37.23	486	-0.026453369067351813
37.23	88.56	0.23623240586003189
37.23	287.5	-0.04912019948796374
37.23	584.9	-0.045671284729193934
45.13	88.56	-0.2855802465402757
486	88.56	-0.2290349995141539
486	287.5	0.04921496647769834
88.56	287.5	-0.02947811615795364
88.56	584.9	-0.06636601413035595
305.1	39.61	0.019432196128398596
39.61	424.0	-0.14380717966324566
511.9	37.23	-0.0670215132557123
511.9	88.56	-0.05932617685038904
37.23	518.81	-0.07717443092815403
518.81	88.56	-0.2897494253243064
96.04	88.56	-0.29585263553753305
88.72	88.56	-0.07499486185285745
530.81	038.9	-0.4674116956532621
39.95	38.91	0.060150763805668986
96.6	496	0.00940706916756962
285.1	276.2	0.04787971374536892
285.1	33.24	-0.018993355132517896
285.1	276.1	-0.010841711818915486
285.1	96.72	0.05179899144622879
276.2	33.24	0.06582581111680266
99.15	276.1	-0.0271558611467789
33.24	276.1	-0.04486827214895692
276.2	424.0	-0.35717709084276
530.81	424.0	-0.3953766559955925
272.4	276.1	-0.017435105052866107
496	276.1	-0.06104623156340942
428.0	276.1	-0.03199250461483952
276.1	427.31	-0.009884404046107069
599.0	311	0.04990893071534396
311	428.0	-0.3425690812340136
285.1	530.81	-0.07292438111252736
38.93	244.9	-0.4335158128339618
96.04	412	-0.08136005521755225
412	96.71	-0.04342991760249775
412	38.93	-0.08031303526820568
99.04	285.9	-0.32520446808062936
96.71	285.9	-0.34437957301842087
412	584.9	0.0135615326113739
96.6	244.9	-0.03190285719147588
96.6	250.00	-0.06777673152960934
401.9	88.56	-0.3399993013381292
401.9	V58.61	-0.4614726106023927
285.9	272.4	0.03875986894769753
285.9	403.90	0.05709818721160456
285.9	585.9	0.050869076846860206
285.9	518.81	0.07744987181340325
285.9	33.24	0.04938703043159512
285.9	428.0	0.022801838768660945
272.4	403.90	0.20050269482334745
272.4	585.9	0.15603209342041405
272.4	33.24	-0.06248231465856701
38.91	403.90	-0.017052164832175948
38.91	585.9	-0.02014817716291585
530.81	518.81	-0.04067927427180766
530.81	96.04	-0.12890111858950168
530.81	33.24	-0.04394112800490635
530.81	38.93	-0.0972902866702045
403.90	585.9	0.3950503211326743
403.90	518.81	-0.04995388838421826
403.90	96.04	-0.13743834442000757
403.90	33.24	-0.06823256893251153
403.90	428.0	-0.01012200190438487
403.90	250.00	0.09296959369171821
403.90	96.71	-0.07669888423167322
403.90	38.93	-0.0018781273422683361
585.9	518.81	0.033772785434884905
585.9	33.24	0.0035059725298448472
585.9	428.0	0.18002902303851007
585.9	250.00	0.11886843404873589
585.9	96.71	-0.09488823350261269
585.9	38.93	0.0264126321118437
518.81	33.24	0.31369819467010546
33.24	250.00	-0.029139067656878428
33.24	96.71	0.0221309484573718
99.15	530.81	-0.10538110199555933
285.9	410.71	0.021470091407412937
99.04	88.56	-0.27755496120553
410.71	88.56	-0.10251758062477857
37.22	96.71	-0.1303812620783717
272.0	585.9	-0.055247471940023496
585.9	427.31	0.153946633363506
427.31	584.9	0.03123824170656025
99.04	585.9	0.03224530253991364
99.04	496	0.050281857960933346
99.04	403.90	-0.01590650223612062
244.9	585.9	0.05890780071453136
244.9	496	0.03531578147245818
244.9	403.90	0.09050040122014771
244.9	584.9	0.030262686941643257
585.9	496	0.07600531796772605
496	403.90	-0.00504715918565659
496	V45.81	0.09860718740145198
38.93	428.0	-0.5073957228118816
45.13	99.15	-0.23947582631700695
45.13	96.72	0.07149167194841678
38.93	285.9	-0.3727348058322386
276.2	244.9	0.05181787718215004
244.9	518.81	0.020627773345160024
244.9	96.04	-0.07288117874982628
244.9	38.93	-0.010584936879848014
36.15	311	-0.11049015642941415
272.4	412	0.22127205577761228
272.4	311	0.07858563716672964
39.61	311	-0.10581389169372564
530.81	311	0.06294812410166174
412	311	0.03897087554142007
414.01	311	-0.02573724070369465
305.1	424.0	-0.37114812196600794
285.1	599.0	0.022783102142972526
401.9	96.6	-0.6732967455512037
995.92	424.0	-0.0823232857633242
424.0	276.2	-0.02946382069023646
424.0	96.71	-0.07689608668413908
39.95	276.2	0.11420444098426179
305.1	38.91	-0.01789459042454028
305.1	V58.61	-0.05271446075648922
305.1	518.81	0.013822624808354275
V58.61	518.81	-0.03339338903344281
285.1	V58.61	0.11213143126568915
272.0	V58.61	-0.02298575770160799
88.72	276.2	-0.42465376543044714
272.4	424.0	-0.3025663162487888
38.91	V45.81	-0.06525349727040143
38.93	V45.81	-0.05448699685744352
39.61	276.1	-0.17679691991915544
88.72	276.1	-0.03231164542075009
414.01	276.1	-0.1344752954962859
272.4	45.13	-0.02929277523293648
272.4	305.1	0.07115940320605979
45.13	305.1	-0.3086259456895514
410.71	412	0.05929108175828694
414.01	99.04	-0.5113940418097076
414.01	39.95	-0.34437911497367313
414.01	428.0	-0.5072215760716012
99.04	39.95	-0.2884824962969942
599.0	287.5	0.024530417147442633
37.23	599.0	-0.07424260649198135
V15.82	599.0	-0.1000912756235079
39.95	401.9	-0.31191913127301907
250.00	244.9	-0.3223237579138288
96.6	585.9	-0.06750810589115955
305.1	276.2	0.05892796905973159
305.1	585.9	-0.06665934112675313
305.1	584.9	-0.10642727716322618
276.2	585.9	0.10078825452012093
285.1	96.6	-0.026224331258036825
511.9	311	-0.03414725800796466
88.72	311	-0.007909123034631245
276.1	530.81	-0.20017593962254246
276.1	518.81	-0.1434752010539962
276.1	428.0	-0.23270793379495083
276.1	287.5	0.09937535345184052
530.81	287.5	-0.09502845047008442
995.92	272.0	-0.102285195215161
995.92	285.9	0.08630761903830571
995.92	244.9	0.05253922348697545
285.9	038.9	-0.24692798454141865
285.9	486	0.07181276369215633
038.9	244.9	0.026879542783171298
244.9	486	0.03859250061105763
285.1	39.61	-0.1662275436475443
285.1	496	-0.04534652695694852
36.15	96.04	-0.3145498337536919
36.15	96.71	-0.31047218159188766
37.23	99.04	-0.09684868386803787
39.61	96.04	-0.2602448404155855
39.61	96.71	-0.2710281167890371
305.1	272.0	-0.2737218860349446
272.4	96.6	-0.5370024563484017
39.61	287.5	3.204212307671109e-06
496	287.5	0.006248678311946006
96.71	428.0	-0.5028999632211568
427.31	428.0	-0.4199473918548189
99.15	250.00	-0.1623040084745817
36.15	276.2	-0.20961784362861632
272.0	507.0	-0.07182446035873666
37.23	507.0	-0.08035853239544771
276.2	507.0	0.12118179499597971
276.2	88.56	-0.2884184193967759
507.0	88.56	-0.2826626574165262
272.4	507.0	-0.0800225374243031
285.1	412	-0.004181244785666452
285.1	414.01	-0.08861220526128853
96.71	486	-0.353355813957821
38.91	99.15	-0.14782342177295252
96.72	496	-0.35536018893841825
96.71	88.56	-0.4357980563554614
518.81	424.0	-0.4217220755843669
38.91	412	-0.0752894083755478
403.90	412	-0.054423567434679354
403.90	486	-0.03690907607823021
403.90	414.01	-0.11733272446236502
403.90	311	-0.09934093933064095
585.9	412	0.1075123986538931
585.9	311	0.019848187421969112
412	486	-0.009701407823625649
412	96.72	-0.09544754003074837
486	311	0.013190208382176402
486	250.00	0.008475822987061524
428.0	311	-0.01188601896604295
311	96.72	-0.06963268113358187
311	427.31	-0.023634892601956628
39.61	V45.81	-0.19008712134662453
599.0	486	0.03843530765523128
599.0	585.9	-0.04038432399222849
599.0	V45.81	-0.0011868954318437802
V15.82	39.61	-0.3968553493236056
38.91	45.13	0.014912561716612456
45.13	33.24	0.08862262681422324
45.13	38.93	0.06123594765598767
424.0	285.9	0.017367146743489784
038.9	507.0	0.1685772873408438
511.9	V15.82	-0.023060348984324797
511.9	37.22	-0.03824065148563835
285.1	585.9	0.03431768085803853
585.9	530.81	-0.32919291631753933
427.31	39.61	-0.5701412280921291
427.31	401.9	-0.5890693680980533
96.6	272.4	-0.1867441207410382
96.6	V58.61	-0.06485286805680812
272.4	V58.61	0.16493114927484348
38.91	244.9	-0.03656958471899829
244.9	96.72	-0.03422856093819812
99.04	424.0	-0.33055003735737637
V58.61	39.61	-0.41902683537234103
V58.61	424.0	-0.30658191454592737
995.92	V58.61	0.03624782168680542
038.9	V58.61	-0.03550922053240633
496	V58.61	-0.0909122683616434
V58.61	486	0.009448451233457155
511.9	96.6	-0.01838702667556461
311	V45.81	-0.048397088494634664
585.9	401.9	-0.3163915784896078
995.92	272.4	-0.06303865257208274
995.92	250.00	0.033948232267569156
272.4	276.2	-0.000695709709850265
272.4	584.9	0.0384495992682845
276.2	V58.61	-0.02361083408764491
V58.61	428.0	0.16706786606985033
V58.61	584.9	0.05358620477721242
305.1	311	0.06372068885051045
37.22	285.9	-0.3898900089281025
414.01	285.9	-0.4582912320730071
599.0	244.9	-0.3103616937187557
45.13	518.81	0.03506418116835061
45.13	250.00	-0.008418426281258416
45.13	427.31	0.02287424093943657
496	88.56	-0.24823997347482032
412	88.56	-0.27123250540641003
285.1	584.9	0.02122778101725268
39.95	276.1	0.0946309375467672
496	412	0.05705887820868996
403.90	496	-0.07975258825099582
414.01	272.4	-0.43008212909499677
36.15	305.1	0.04433084981354068
276.1	272.0	-0.29677080481722123
285.1	39.95	0.017726920110960123
038.9	88.72	-0.0330555756611524
88.72	403.90	-0.11974484956110296
244.9	410.71	-0.012465772200425315
272.0	287.5	-0.11620883234148882
272.0	96.72	-0.15076459844982068
038.9	287.5	0.09771029034939772
584.9	401.9	-0.5650747132909241
276.1	99.15	-0.27994033715229755
250.00	496	-0.42263071071096925
414.01	37.23	-0.23223630131308312
37.23	272.0	-0.3326779272053483
507.0	518.81	-0.449716011259995
507.0	486	-0.30492635735454954
507.0	244.9	-0.2510920276270689
518.81	244.9	-0.4377994048613915
486	244.9	-0.2953177876345601
272.0	311	-0.12426982467583893
496	311	-0.02215922839331915
287.5	272.0	-0.36618716607696417
584.9	038.9	-0.513915805073687
584.9	33.24	-0.25994163092915457
244.9	412	0.06932781588550706
250.00	486	-0.48139012174257834
272.4	88.56	-0.23004923206491212
37.23	V58.61	-0.09828080656658265
39.61	V58.61	-0.045347463896148424
V15.82	V58.61	0.11922401213641518
V15.82	496	0.1098639956146184
V15.82	88.56	-0.21728725190956666
V58.61	496	-0.040398553307484646
V58.61	88.56	-0.2790151553853054
36.15	287.5	-0.04911147069481312
424.0	287.5	-0.009008274656814294
285.9	599.0	0.026808990247672762
285.9	287.5	0.08149449148475935
599.0	45.13	0.011139118340822781
45.13	428.0	0.0025156924442538606
507.0	287.5	0.030052618410336997
311	272.0	-0.23824011618847732
530.81	V58.61	0.02197848959270215
V58.61	412	0.11694651128338536
244.9	45.13	-0.03648730246072971
496	45.13	-0.07715527750797072
96.71	305.1	-0.37148559621313015
96.71	507.0	-0.2595569025236136
599.0	272.0	-0.4330680202407366
410.71	250.00	0.07953794490916397
410.71	99.15	-0.4290682334887593
410.71	424.0	-0.2876191228662145
250.00	424.0	-0.3581357941317763
99.15	424.0	-0.41324222611571404
96.04	37.22	-0.15418674942377397
38.91	V15.82	-0.04247333128235231
V15.82	518.81	-0.015556165752834684
V15.82	486	0.07596791993914766
45.13	V45.81	0.053090823951375724
250.00	39.95	-0.2683597321960502
250.00	428.0	-0.42827980168339036
507.0	530.81	-0.32089812132952916
401.9	276.2	-0.5223509663639025
401.9	507.0	-0.4595270676438279
305.1	244.9	-0.0935145057035085
305.1	412	0.04533673531363287
496	99.15	-0.4075356716003365
99.04	37.23	-0.166861229374865
272.0	403.90	-0.039915619199934395
39.61	38.91	-0.20200870698359988
39.61	403.90	-0.08044558084397743
39.61	585.9	-0.09180149251699983
403.90	287.5	0.09201025453631544
585.9	287.5	0.071659260602673
276.1	486	-0.12803327965216524
36.15	V45.81	-0.3686947484900887
88.56	V45.81	-0.05148467961236705
37.22	V45.81	-0.030284859725240698
39.95	V58.61	0.004072080514013862
272.4	99.15	-0.2492731242059913
99.15	V58.61	-0.1689521689644036
V58.61	276.1	-0.03177414254585126
88.56	403.90	-0.06900207281612464
88.56	585.9	-0.08466488446378734
403.90	V15.82	-0.07331243975767751
285.1	511.9	0.028672684138108057
511.9	599.0	0.035338571818917655
88.56	39.95	-0.1121601713050315
39.95	244.9	0.04374298601327604
244.9	37.22	-0.0914677899663793
285.1	V15.82	0.00647128322325963
285.1	507.0	-0.051099666993856235
96.6	V15.82	-0.07276307693588936
530.81	507.0	-0.029916970691063582
V15.82	507.0	-0.00641571805934571
285.1	305.1	-0.08520060673162176
305.1	99.04	-0.34631128056915866
45.13	285.9	-0.23288961728887186
96.6	412	-0.1024421129749511
276.2	412	-0.05045257871505287
39.61	486	-0.2000963741483389
V58.61	88.72	0.01979408636141911
88.72	486	-0.025550666761946585
486	412	-0.3187865916032306
585.9	507.0	0.0030280177716047988
401.9	88.72	-0.4841078504165112
99.15	585.9	-0.1515137491088103
96.6	276.1	0.03145262167996383
276.1	38.91	-0.24420873853253583
401.9	99.04	-0.6386452748452569
401.9	412	-0.49334466332014865
424.0	584.9	-0.030650983045780768
99.04	038.9	-0.3920372867168416
250.00	038.9	-0.40497018533114454
410.71	276.2	-0.3173289257164437
410.71	287.5	0.06647153924731372
276.2	287.5	0.14430086601022063
287.5	428.0	-0.27652888634828776
96.04	038.9	-0.41989327429579226
511.9	496	0.012102893363563462
285.9	507.0	0.01947679262211594
285.9	412	-0.001508252741071876
518.81	V45.81	-0.03600980880753294
V15.82	276.2	-0.39253286929726444
V15.82	285.9	-0.3339957088996115
276.2	285.9	-0.30852645024572783
45.13	507.0	0.07818579790059232
507.0	33.24	0.17320348995182977
599.0	V58.61	0.046299178851025226
V58.61	V45.81	0.13042522899306255
599.0	403.90	-0.04918830898664062
585.9	V58.61	0.19346088669532546
V58.61	507.0	-0.02136229871520121
V58.61	403.90	0.06802193414317248
507.0	403.90	-0.09884043164564457
428.0	403.90	-0.0009354710953934027
414.01	518.81	-0.5069446428582889
599.0	96.6	-0.36147385286658773
276.2	37.22	-0.16174554173551287
285.9	305.1	-0.04509162678349447
305.1	410.71	0.013668211400436997
038.9	285.9	-0.009991513183150806
486	285.9	-0.33438655230066355
496	33.24	0.08840094751737124
250.00	276.1	-0.1581942026933222
530.81	88.56	-0.3460978366841996
244.9	88.56	-0.3247034504591828
311	530.81	-0.21577582682203356
V45.81	428.0	-0.31212474809125623
36.15	585.9	-0.08583870954422927
36.15	403.90	-0.06989880634639502
285.9	584.9	0.07688156993280075
88.72	584.9	-0.032402109533160965
287.5	401.9	-0.4308765435180009
39.61	507.0	-0.24580128407918359
276.1	39.95	-0.2797862315011821
276.1	285.9	-0.2849561123675331
276.1	244.9	-0.16366599848935676
599.0	412	-0.045773934854814714
401.9	45.13	-0.48990391007845846
511.9	276.2	0.018691606292426187
V45.81	530.81	-0.3285232609778664
V15.82	38.91	-0.35480135737165747
272.0	33.24	-0.06845581340167665
401.9	33.24	-0.05676408524922215
33.24	414.01	-0.10406514444575535
285.1	36.15	-0.164652723154612
285.1	88.56	-0.11952828054390154
285.1	410.71	-0.02506584097295474
285.1	37.22	-0.10176908599399352
285.9	37.23	0.011252433328653557
45.13	496	-0.13602255240918856
88.56	38.91	-0.1630408915055485
37.23	38.91	-0.07741770774781921
33.24	507.0	-0.259029512210274
39.95	507.0	-0.008477672841374797
285.1	403.90	0.0425329157498937
403.90	45.13	-0.1726004596349911
585.9	45.13	-0.033502269192003165
276.2	403.90	0.11962973771963911
276.2	V15.82	-0.047565570195794764
V15.82	V45.81	0.07263225073139196
518.81	403.90	-0.1366777519635558
285.9	96.6	-0.5649460735506383
518.81	496	-0.3834121999759889
250.00	403.90	-0.37601679098387847
285.1	518.81	-0.03323704197290572
511.9	38.91	0.0659655414930301
511.9	45.13	-0.013295058335486042
285.9	V15.82	0.07309319110364962
250.00	33.24	-0.3600815801764818
311	285.9	-0.2846686675370054
39.95	V15.82	-0.05015091438368826
414.01	45.13	-0.5106454500878179
99.15	496	-0.0687344784985616
285.9	39.95	-0.29993063282968685
88.56	486	-0.13360693703463358
305.1	427.31	-0.11341202112749578
244.9	287.5	0.02720347195706545
96.71	272.4	-0.4985734364575791
250.00	36.15	-0.49924834718504385
276.1	599.0	-0.23406929817418087
507.0	276.1	-0.0386350718056719
285.1	37.23	-0.18269689644484474
995.92	45.13	0.06389270452719917
96.72	99.04	-0.49922857518648767
96.72	99.15	-0.38893224229026
96.72	45.13	-0.3113593296265771
96.72	518.81	-0.38822145823023885
96.72	96.04	-0.4924504253275749
96.72	276.1	-0.30320961027095394
45.13	276.1	0.07506496786384328
412	403.90	-0.04028039604118565
311	403.90	-0.0673595999651817
414.01	410.71	-0.3759893351686689
250.00	410.71	-0.5018121038715716
250.00	88.56	-0.4872133804350376
99.15	244.9	-0.1305692316837064
287.5	96.71	-0.24056554111291695
287.5	250.00	-0.32623570951951636
287.5	V45.81	-0.04066534472015542
244.9	33.24	-0.011920896635088581
511.9	305.1	-0.06214935410007543
511.9	276.1	0.07238583807009889
285.1	311	0.002701281623557588
530.81	45.13	-0.08244167284611123
45.13	412	-0.04229782786658623
45.13	311	-0.03960918207058013
37.22	401.9	-0.42681630699119083
305.1	88.72	0.03558616075278498
412	287.5	-0.005460887418561849
37.22	287.5	-0.03445355217205064
038.9	88.56	-0.23744706605773397
88.56	33.24	-0.22094659514906384
424.0	33.24	-0.09829664049370652
37.23	33.24	-0.09380414364887271
37.23	96.72	-0.06540123634309077
39.61	33.24	-0.13744339072957762
305.1	285.9	-0.2498442744748858
311	244.9	-0.2416092174783804
244.9	530.81	-0.349827029735094
285.9	V58.61	-0.012528530910362209
995.92	36.15	-0.3436033908297754
995.92	39.61	-0.28884776913412813
36.15	33.24	-0.15960158881864558
37.23	37.22	-0.09843576323331239
401.9	599.0	-0.5922827327397897
401.9	285.9	-0.5844362788137198
599.0	285.9	-0.32075922353790065
V58.61	287.5	-0.01759296473200018
287.5	96.04	-0.5030628352640577
287.5	518.81	-0.35585670995203506
96.04	518.81	-0.4552387546067022
45.13	272.0	-0.3255890128540486
244.9	311	0.0483558166346656
305.1	V45.81	-0.0750994651708776
37.22	428.0	-0.42306057034037103
599.0	99.15	-0.3305073544445477
96.71	244.9	-0.4161938791839565
96.04	244.9	-0.4946839974721378
403.90	530.81	-0.33780778295024466
88.56	311	-0.06666540947273213
37.23	311	-0.0921316184026361
37.22	410.71	-0.29603731362279967
99.15	311	-0.17467993428339845
244.9	285.9	-0.3943311571584085
486	530.81	-0.35058505426065295
37.22	272.0	-0.3452582546422326
599.0	305.1	-0.3342762214531117
V58.61	33.24	-0.0028202392305916773
507.0	038.9	-0.32800808536218723
585.9	88.72	-0.02001516068936708
99.15	414.01	-0.25276419166945696
36.15	45.13	-0.2361608746695819
39.61	45.13	-0.26993418356613735
45.13	37.22	-0.1357011687446724
311	507.0	-0.3945318177640145
585.9	410.71	0.04804574963877137
410.71	403.90	-0.04193513568862562
518.81	412	-0.028574083994463907
37.22	99.04	-0.4827571961479877
37.22	412	-0.28510727700280636
995.92	311	0.035307412782891394
038.9	311	-0.008901397130113235
276.2	311	0.04037841497657475
507.0	311	0.0011712045452573411
39.61	39.95	-0.3845141232206019
V15.82	272.4	-0.32411843074613883
244.9	507.0	-0.017885541463697294
285.1	995.92	-0.023254535524439075
96.6	995.92	-0.2242328330102258
39.95	45.13	0.039408367101096846
250.00	285.9	-0.365767764178697
V15.82	530.81	-0.2557408867532476
599.0	38.91	-0.36842702535472205
V15.82	250.00	0.024272780408412745
99.15	285.9	-0.3715102927218034
88.72	424.0	-0.20469829675940937
424.0	V58.61	0.08968208845086663
37.23	305.1	0.03402956486152563
585.9	99.04	-0.4541481074705005
39.95	412	0.008439957024860152
39.95	311	-0.020020189887113835
39.95	287.5	0.11223365240181143
410.71	311	-0.035003903715996494
311	287.5	-0.0049000107661277366
403.90	507.0	-0.09884043164564457
507.0	414.01	-0.12896155719961885
38.93	96.72	-0.4577918823404824
311	038.9	-0.34355781810050906
305.1	37.23	-0.3678966393263436
305.1	88.56	-0.2004241079445135
96.71	96.72	-0.266560331584733
36.15	V58.61	-0.1582116384989745
V58.61	410.71	-0.14292566777548885
88.72	530.81	-0.36151159064240335
584.9	424.0	-0.39527555402243175
99.15	038.9	-0.33642294405662965
96.04	285.9	-0.3832984152500491
496	272.0	-0.4061959522041982
995.92	412	-0.033833352783154524
038.9	412	-0.031829714571413065
285.9	424.0	-0.24512652724200965
37.22	39.61	-0.4648984563072604
88.56	V58.61	-0.13452050442221108
39.95	37.23	-0.044268559201913506
410.71	V58.61	-0.11858438911706193
038.9	424.0	-0.27205769966355225
038.9	37.22	-0.18233030503486378
486	37.22	-0.06984176072037274
45.13	38.91	-0.4094469707442629
99.15	403.90	-0.14900973130212825
518.81	285.9	-0.45264385330449436
412	507.0	-0.12850121385990845
37.22	88.72	-0.38413001766569876
37.22	530.81	-0.34903538974352527
424.0	403.90	0.019785186751870517
424.0	585.9	0.04154343849796683
403.90	410.71	-0.029398029784541476
403.90	37.22	-0.1440595073697425
585.9	37.22	-0.02635888758356384
38.93	530.81	-0.4327446425452497
99.15	412	-0.1784475834537206
585.9	038.9	-0.40508374491554155
311	276.2	-0.3103215914592955
38.91	038.9	-0.44414029548092077
410.71	285.9	-0.3442853416588464
36.15	507.0	-0.2426095145342702
88.56	507.0	-0.15976062966853877
507.0	37.22	-0.18285641006257825
511.9	424.0	0.055527420682044276
496	285.9	-0.46945849698192227
276.1	33.24	-0.16432892998526502
585.9	96.6	-0.4745859596951501
424.0	311	-0.02380972264384354
496	276.2	-0.44665636806547515
496	38.91	-0.38332654049909726
96.71	038.9	-0.4415691711360872
88.56	276.1	-0.0772644732072499
37.23	276.1	-0.1023045529152587
410.71	276.1	-0.022733904984197036
V15.82	276.1	-0.03255615733461031
401.9	496	-0.5226226988296504
V58.61	311	0.04693192432776842
36.15	99.15	-0.2922034235233059
88.56	99.15	-0.34703482322996604
37.23	99.15	-0.2192954047512258
39.61	99.15	-0.3172850939767096
410.71	305.1	-0.3869741293390532
39.61	272.4	-0.5716338471799065
272.4	36.15	-0.48509338718823364
V58.61	37.22	-0.106043482880861
511.9	412	0.0007166015941551739
276.1	412	-0.23899364744024157
995.92	V15.82	-0.046313615665877016
038.9	V15.82	-0.0893957251735592
V15.82	584.9	-0.03511832552948708
272.4	285.9	-0.3616064666752957
39.61	285.9	-0.4108799162989019
V15.82	244.9	-0.2939712751734396
311	305.1	-0.24617393624238917
38.93	305.1	-0.5441948040728674
45.13	244.9	-0.2603872370895193
584.9	39.61	-0.5119717409283581
584.9	414.01	-0.4661096888539123
285.1	038.9	-0.04590885707713901
427.31	38.91	-0.48031197490136596
38.93	496	-0.45358802842260526
88.72	285.9	-0.37058530224508274
428.0	511.9	-0.4565668812059428
428.0	33.24	-0.3273886719682803
V45.81	33.24	-0.2642194733683703
507.0	V45.81	-0.033190292584463814
V58.61	272.0	-0.356025781604221
511.9	410.71	-0.06726849128367535
518.81	410.71	-0.4100578519676649
584.9	410.71	-0.28343491878995003
410.71	33.24	-0.029840025717850903
33.24	88.56	-0.2647964239543803
599.0	276.2	-0.3528388915526558
585.9	599.0	-0.06086432653181959
V58.61	599.0	-0.2308514851157695
311	276.1	0.03250012314672962
287.5	276.1	-0.05334633464284369
401.9	486	-0.5859355618795449
96.6	37.22	-0.22935269493169205
585.9	88.56	-0.2412273854236113
599.0	88.56	-0.29694605633405285
311	518.81	-0.36203748901463517
511.9	287.5	0.03559380686335683
518.81	530.81	-0.4673667643935857
36.15	584.9	-0.2207670028678503
39.61	584.9	-0.23220470186717443
272.0	272.4	-0.37455852002088846
412	530.81	-0.3714296772561217
V15.82	33.24	0.04544982835958789
37.22	272.4	-0.38563070971479513
250.00	311	-0.3224500043593612
305.1	287.5	0.009343974004316098
599.0	530.81	-0.3532962717822933
33.24	V45.81	-0.04827634065391775
37.23	403.90	-0.032694576844434574
427.31	038.9	-0.5493734173111636
427.31	272.4	-0.6078349502266933
427.31	412	-0.4909323398868361
427.31	250.00	-0.5383563892776372
427.31	287.5	-0.3666244682866859
88.56	518.81	-0.20728783246239005
311	486	-0.26938947754934484
401.9	424.0	-0.5425112942079148
V45.81	424.0	-0.31251803363396286
038.9	39.95	-0.25838073679870843
410.71	45.13	-0.13471719571430862
45.13	88.72	-0.04389597018543985
V15.82	45.13	-0.003511778872496421
287.5	244.9	-0.2779588170769081
96.72	428.0	-0.520000338089976
518.81	99.15	-0.5207274791769742
45.13	403.90	-0.07139139791445306
45.13	V58.61	-0.044416359028227485
401.9	244.9	-0.5264545484824154
584.9	507.0	-0.3289297751566836
38.93	507.0	-0.3740356850114831
305.1	96.6	-0.3582246490938935
403.90	V58.61	0.016971644401347755
403.90	599.0	-0.06757489981454896
305.1	403.90	-0.05664667643067505
276.1	276.2	-0.3681461660247999
276.1	403.90	-0.1710507597147552
276.1	585.9	-0.20628052914851996
276.1	311	-0.24346058415109362
36.15	38.91	-0.2346424467774477
285.9	311	0.045987007329640145
305.1	39.95	-0.2607406341460715
401.9	410.71	-0.48140578823711616
37.22	311	-0.049454528337940944
37.22	276.1	-0.06489251705165984
38.91	37.22	-0.18780460441587132
285.9	45.13	-0.05163655105596494
403.90	276.1	0.003316200138539796
585.9	276.1	0.034449545031411136
412	33.24	-0.05642520165541986
486	507.0	-0.14553940277877972
424.0	99.15	-0.1892906283119369
424.0	45.13	-0.06939041039257803
276.1	45.13	-0.220141976608699
305.1	599.0	-0.15859647464661028
37.22	403.90	-0.1233017310301759
584.9	276.2	-0.336698777038861
584.9	96.71	-0.49793926754538004
96.72	287.5	-0.2287176260358385
96.71	410.71	-0.4306115066863181
96.71	39.95	-0.36987360321636353
410.71	39.95	-0.31251921972903646
428.0	272.4	-0.5799851484336108
428.0	585.9	-0.4536853187137905
428.0	410.71	-0.3903642646307362
428.0	518.81	-0.48780803635955505
428.0	96.04	-0.5279096930282416
428.0	412	-0.4216130238761669
33.24	37.22	-0.19428819745788975
311	412	-0.37492583149972136
37.22	305.1	-0.3266530237809707
599.0	39.95	-0.40354056726423876
88.72	244.9	-0.43489914244721956
45.13	530.81	-0.26215245741519316
45.13	276.2	-0.2876868209238473
530.81	276.2	-0.4898801089802574
403.90	88.72	-0.14816824655678643
311	39.61	-0.3933119880630433
311	36.15	-0.4205429552441639
250.00	39.61	-0.5846980878690514
96.71	45.13	-0.36069405919940273
038.9	305.1	-0.05393219316379745
276.2	39.95	-0.2567558154212124
511.9	507.0	0.02473193180302241
511.9	285.1	-0.3211626689092301
518.81	272.0	-0.463589629292293
38.93	88.56	-0.5956971286756657
401.9	272.4	-0.5992483245997686
V58.61	45.13	-0.0658585975536361
428.0	96.6	-0.6051755370597789
428.0	401.9	-0.6585306499805125
414.01	244.9	-0.5011785697365077
511.9	V58.61	0.0497512164908538
412	244.9	-0.3429394627101755
585.9	V15.82	-0.19030596002240266
V58.61	V15.82	-0.24135738010882335
V15.82	403.90	-0.0017178675212839217
584.9	V45.81	-0.36959949883788107
427.31	530.81	-0.5355156374590455
496	39.95	-0.23333575059005657
424.0	305.1	-0.09096222018651123
414.01	486	-0.5018675425637926
403.90	244.9	-0.3837927049994907
414.01	38.91	-0.5447091392996889
250.00	507.0	-0.39039901923324055
V58.61	585.9	-0.41211120373035137
511.9	995.92	-0.2004263993544501
287.5	99.15	-0.36948082999778536
287.5	038.9	-0.3890654527889832
99.15	V15.82	-0.1593670577121543
37.22	96.04	-0.5056292566276162
410.71	244.9	-0.32944089321574355
276.1	414.01	-0.4276058022333187
36.15	276.1	-0.1544530544861207
V15.82	37.23	-0.3413675641147986
V15.82	39.95	-0.36647808786173136
486	39.95	-0.3925933233016328
37.22	V15.82	-0.29790906480876606
88.72	272.0	-0.3811323213634013
272.4	272.0	-0.47143961264967116
38.93	276.2	-0.48818399073468144
599.0	272.4	-0.4292381384124876
33.24	287.5	0.05379655897922975
96.71	88.72	-0.5022686270999893
88.72	99.15	-0.3072385457643498
403.90	401.9	-0.5920827272753791
37.23	585.9	-0.028889168818822364
311	496	-0.3592692158415205
39.61	518.81	-0.3273473742622826
599.0	99.04	-0.477638299742367
272.4	39.95	-0.3553226961896588
496	585.9	-0.4195844910637268
585.9	244.9	-0.35958326077232977
287.5	311	-0.28636179304203846
584.9	599.0	-0.3714753946627622
33.24	403.90	-0.08678135390969048
486	38.91	-0.36356797466035934
37.23	V45.81	-0.0780863785225648
36.15	518.81	-0.3851164939790488
38.93	486	-0.45825914312869476
414.01	88.72	-0.4735402416171538
45.13	410.71	-0.1901955698635322
250.00	38.91	-0.44693075820286243
V58.61	39.95	-0.2366721924764881
V58.61	285.9	-0.4619852096485467
V45.81	285.9	-0.38913798330112964
V45.81	244.9	-0.34346931102325073
38.91	88.56	-0.29447920187439
311	39.95	-0.1375217749306959
584.9	V15.82	-0.43040234869932825
496	424.0	-0.3150948944873427
401.9	530.81	-0.5442815319530714
414.01	038.9	-0.5453387748244758
V15.82	285.1	-0.3975440960681866
585.9	285.1	-0.432563385013459
96.71	37.23	-0.40887993360930736
585.9	276.2	-0.347912534739021
37.22	37.23	-0.36293498229707105
37.22	285.1	-0.370613763628495
414.01	285.1	-0.5371534869859119
250.00	285.1	-0.53891114581225
V15.82	36.15	-0.3964670296644306
V58.61	530.81	-0.31641752795502825
584.9	496	-0.357017583682399
584.9	45.13	-0.34968986866804125
599.0	V15.82	-0.3183996187453389
414.01	276.2	-0.4736303880759961
599.0	038.9	-0.4365561749750664
518.81	038.9	-0.4917270524357485
96.72	038.9	-0.46926260658776114
39.95	272.0	-0.311745325279375
287.5	305.1	-0.3759717753805027
414.01	96.6	-0.6265507301668064
412	496	-0.40497340468819876
96.72	305.1	-0.45616892917928065
96.72	244.9	-0.41124219397933487
414.01	585.9	-0.4406594246522481
37.22	424.0	-0.3661864649367354
414.01	424.0	-0.43242342937440503
36.15	486	-0.2329706633013922
96.72	39.61	-0.5043354461129166
96.72	V58.61	-0.4762900654025709
96.72	88.72	-0.4168237379945818
96.72	414.01	-0.5329340550005369
585.9	285.9	-0.3136413109094801
403.90	285.9	-0.36645690105217477
45.13	424.0	-0.2590568860450687
45.13	39.95	-0.37140751574509895
96.71	33.24	-0.35805861369328174
401.9	V15.82	-0.527150299755745
496	599.0	-0.49447343793982734
403.90	272.0	-0.3534499696462434
38.93	518.81	-0.5152436728965902
38.93	96.04	-0.5581958095272173
38.93	250.00	-0.5742242509459252
272.4	038.9	-0.406975519529119
37.22	V58.61	-0.39865933296735134
414.01	V58.61	-0.49009089251653537
39.61	305.1	-0.469860113336533
33.24	518.81	-0.40935748059350646
33.24	401.9	-0.5060218508191172
507.0	96.04	-0.5240760272793813
96.04	530.81	-0.4772932642083045
414.01	37.22	-0.5272834403867227
276.2	272.0	-0.4438289655138568
276.2	038.9	-0.3531564377466291
276.1	038.9	-0.34380188920053145
585.9	305.1	-0.3919900675070611
250.00	414.01	-0.5701808513072225
96.72	285.9	-0.4260866424224377
96.71	39.61	-0.583037065741551
276.1	410.71	-0.2991514105986213
V45.81	287.5	-0.2136952097210021
96.71	V15.82	-0.4259109388105698
428.0	507.0	-0.4130590104892046
287.5	37.22	-0.31849643427539664
287.5	414.01	-0.3433127194361671
599.0	37.23	-0.4054634106948976
507.0	276.2	-0.43254705813130206
496	V15.82	-0.3845652021184543
276.1	V15.82	-0.21413840373371804
39.61	276.2	-0.36890137752626434
428.0	486	-0.47597155196010554
428.0	38.91	-0.4673580065961078
428.0	244.9	-0.5887478972196536
428.0	530.81	-0.5600242308818765
428.0	599.0	-0.5231706843911472
428.0	496	-0.49229121644435975
584.9	244.9	-0.48355616637326204
584.9	250.00	-0.4389509735998798
584.9	530.81	-0.4935980539167286
486	410.71	-0.35453337273571595
486	96.04	-0.4467894275595287
486	599.0	-0.47263265548039235
486	496	-0.41219051114082955
486	518.81	-0.43848837768867643
38.93	38.91	-0.5173615527179992
38.93	410.71	-0.42280987320359287
38.93	599.0	-0.5757616124087852
410.71	530.81	-0.3396427426257245
410.71	599.0	-0.32415221252740156
96.04	599.0	-0.5054942873213176
96.04	496	-0.45404798894051784
250.00	599.0	-0.5235249597197941
250.00	518.81	-0.5048868882085906
96.72	530.81	-0.48749575833273384
96.72	599.0	-0.4556590194450742
287.5	599.0	-0.3841351962068258
287.5	507.0	-0.2564167390386891
496	244.9	-0.41155905990879516
428.0	305.1	-0.5429404294674053
428.0	276.2	-0.46215442531746304
401.9	96.04	-0.6391451427733184
496	39.61	-0.4974545368931987
38.93	99.04	-0.648413803476794
995.92	88.56	-0.24942856616029743
995.92	37.23	-0.1923962998597151
88.72	V58.61	-0.40921281091826156
584.9	285.9	-0.44954308981186814
276.1	88.72	-0.30156355137895263
584.9	311	-0.3890612728326841
427.31	V58.61	-0.4755821906520087
287.5	45.13	-0.3004693561839773
250.00	37.22	-0.422894062629662
496	410.71	-0.33312263479885745
37.22	995.92	-0.40030358632645674
88.56	995.92	-0.28119084354445334
427.31	33.24	-0.40629120869265034
311	88.72	-0.33542963973945805
427.31	96.71	-0.6494566923077011
33.24	311	-0.04453339331019768
584.9	272.4	-0.45815767308227234
584.9	403.90	-0.34208773413779753
99.15	88.56	-0.36315315920395863
V15.82	99.15	-0.3990648827114947
311	99.15	-0.374979459065342
599.0	995.92	-0.48864440396555725
88.72	37.23	-0.28632743088104984
88.72	38.91	-0.33400040758987465
88.72	410.71	-0.3080590039580606
88.72	599.0	-0.42842799661401526
88.72	496	-0.416686098251637
428.0	37.23	-0.42434182179823376
584.9	37.23	-0.35717778991512555
584.9	88.56	-0.4287502920370241
584.9	37.22	-0.3860061501441265
401.9	38.91	-0.6376618690597953
38.93	37.22	-0.4751307153186531
38.93	414.01	-0.6081807260676234
V45.81	38.91	-0.37741739031529903
V45.81	410.71	-0.38131839448848037
V45.81	96.04	-0.43606117301278036
V45.81	37.22	-0.3728824618934882
V45.81	414.01	-0.4870648211098247
V45.81	96.72	-0.4505131943287078
V45.81	250.00	-0.45032667082038985
V45.81	599.0	-0.4162413945905377
V45.81	496	-0.35579925025097486
V45.81	507.0	-0.3913292325452534
37.22	599.0	-0.4169934202175106
37.22	496	-0.4061326203007268
37.22	507.0	-0.30744087135748854
37.22	33.24	-0.3009054642700753
414.01	599.0	-0.562149448372025
414.01	507.0	-0.4467427361835144
414.01	33.24	-0.4401008993343816
287.5	33.24	-0.21105140191992616
96.72	250.00	-0.5113248747445645
37.22	486	-0.42492845885818775
401.9	99.15	-0.6015027540487482
99.15	37.22	-0.29438541646377264
38.93	96.71	-0.6097049083821716
96.72	272.4	-0.49644312137749835
96.72	37.23	-0.44056571473229067
96.72	585.9	-0.4199641144838378
96.72	410.71	-0.4145294010700212
427.31	244.9	-0.5471961211863686
403.90	88.56	-0.31428293279792274
599.0	424.0	-0.4545272825758359
305.1	272.4	-0.4422996368521428
305.1	511.9	-0.36349594346033115
305.1	995.92	-0.4052652433557293
272.4	511.9	-0.42062562172965634
272.4	995.92	-0.38442514245496856
39.61	511.9	-0.4498562030235305
39.61	995.92	-0.39900548549471077
88.72	511.9	-0.31641358505498896
88.72	995.92	-0.3035219613457906
88.72	39.95	-0.20422174467462248
88.72	518.81	-0.39025692725629507
428.0	995.92	-0.44454935051613
428.0	39.95	-0.49018373673479787
486	511.9	-0.40988620557445776
486	995.92	-0.375369168254336
401.9	511.9	-0.5701111944476862
401.9	995.92	-0.5411695606061985
401.9	39.95	-0.5439214088728654
401.9	518.81	-0.6166628550145938
88.56	511.9	-0.41499826806312945
38.93	511.9	-0.5241908937598648
38.93	995.92	-0.4713809249902112
38.93	39.95	-0.5164411861212973
38.93	412	-0.49950822419324165
38.93	276.1	-0.503726232525522
995.92	37.22	-0.18234142839429873
37.22	518.81	-0.4297291397028117
96.72	412	-0.404133164329392
99.15	276.2	-0.4161685506835935
311	33.24	-0.2172321809825263
428.0	038.9	-0.5560341068758857
428.0	285.9	-0.5144270997442826
427.31	36.15	-0.5167574431254605
427.31	88.56	-0.4739954494693192
427.31	995.92	-0.4481180177029196
427.31	39.95	-0.48259640412853727
427.31	45.13	-0.4741612590641019
427.31	96.04	-0.5621556993810235
427.31	37.22	-0.4661144980223005
427.31	414.01	-0.6066814780148874
427.31	96.72	-0.5237369648790958
427.31	272.0	-0.5708331477081733
427.31	99.15	-0.5783738440523892
36.15	995.92	-0.3984052329071994
37.22	99.15	-0.42063230089376724
414.01	99.15	-0.4967886737674824
96.72	272.0	-0.5237920575710607
530.81	305.1	-0.45431801824478163
584.9	276.1	-0.40724384920893814
276.2	305.1	-0.41906194450880946
414.01	V15.82	-0.5057160222044503
410.71	585.9	-0.3449923157370854
038.9	39.61	-0.3887538865694786
038.9	36.15	-0.43608978228445616
038.9	995.92	-0.27368776042660736
99.04	36.15	-0.5272151042799021
99.04	995.92	-0.4685316133748776
39.61	37.23	-0.3783324706156174
88.72	36.15	-0.4285879257976133
428.0	36.15	-0.5243447757317211
427.31	37.23	-0.4333492719859925
427.31	410.71	-0.4394643001318983
427.31	285.9	-0.5063150153106392
427.31	599.0	-0.5367808268728385
584.9	36.15	-0.5019400580076239
584.9	995.92	-0.4356084246201159
584.9	39.95	-0.46944737192931324
37.23	995.92	-0.2784654330100283
37.23	39.95	-0.325424078516138
37.23	285.9	-0.3464415883877407
276.1	88.56	-0.43277429279287105
39.95	424.0	-0.3289470239203062
96.72	403.90	-0.45813655169397105
96.72	37.22	-0.40538916159807714
401.9	37.23	-0.5745118903136988
33.24	96.04	-0.4154341598172574
V45.81	486	-0.42423438103688743
287.5	38.91	-0.4235185396796093
244.9	038.9	-0.44240099893406243
427.31	276.2	-0.47854419770389506
244.9	276.2	-0.4648694122610577
486	88.72	-0.3569455135160472
38.91	276.2	-0.39240267899709985
486	276.2	-0.4654522066229361
428.0	45.13	-0.48137804238761733
96.71	995.92	-0.43070787298197316
96.71	37.22	-0.4917151491490791
427.31	518.81	-0.539734951117742
427.31	507.0	-0.5121752087127046
38.93	45.13	-0.5225951567446899
37.22	276.2	-0.41410028747953687
585.9	39.95	-0.40149737680700376
311	V58.61	-0.3511719918416218
311	45.13	-0.3594470568133446
287.5	403.90	-0.32600423186465943
38.93	88.72	-0.549786624994505
285.1	285.9	-0.43922664917721693
244.9	272.0	-0.4549297179628799
584.9	V58.61	-0.35612968752819946
37.23	424.0	-0.30174004973832275
428.0	424.0	-0.42830181744901186
428.0	V58.61	-0.5022741718632036
96.71	424.0	-0.4125837663748033
427.31	V45.81	-0.5306240050521104
427.31	424.0	-0.45769630726571536
427.31	585.9	-0.48143780901939115
427.31	403.90	-0.4996961347447841
V45.81	995.92	-0.3494835565425454
V45.81	276.2	-0.4134062096582366
V45.81	585.9	-0.33510005063816845
V45.81	V58.61	-0.3979652551460511
V45.81	518.81	-0.4289771140758388
V45.81	403.90	-0.32803289534167046
96.04	585.9	-0.4314632106452507
96.04	V58.61	-0.4915317071239673
287.5	276.2	-0.3296657587907541
287.5	585.9	-0.33307138716115736
287.5	V58.61	-0.3960929116037929
287.5	88.56	-0.42747409998330105
428.0	39.61	-0.6293006890306047
37.22	244.9	-0.42434566449630934
427.31	496	-0.4844170254410643
96.72	276.2	-0.49173101991475643
V45.81	272.0	-0.4454672473145408
38.93	424.0	-0.492757157343482
410.71	38.91	-0.4345208936381598
428.0	V15.82	-0.4760370619084222
38.93	39.61	-0.6305550636360666
45.13	038.9	-0.37499388385363674
V58.61	038.9	-0.4167146674051044
584.9	585.9	-0.38726395886992104
45.13	599.0	-0.36810597389178584
250.00	276.2	-0.49498572802918694
311	424.0	-0.3686949723341962
311	410.71	-0.3845209797072415
311	414.01	-0.5297919477841836
311	585.9	-0.3385700162287141
38.93	585.9	-0.4904540263157438
38.93	V58.61	-0.5643159402961576
38.93	403.90	-0.5082720190511896
250.00	585.9	-0.4656536493331235
250.00	V58.61	-0.5184589645291423
584.9	412	-0.4026416044451744
276.1	V58.61	-0.3514160629416441
96.71	412	-0.4480230001124991
486	585.9	-0.3914913115280231
V45.81	412	-0.37172324628096026
33.24	486	-0.40612655070011805
428.0	272.0	-0.6105635578591853
584.9	305.1	-0.4591463076715329
038.9	511.9	-0.3765896208688116
88.72	45.13	-0.3674920273667939
428.0	99.15	-0.5850345336171114
96.71	511.9	-0.4766728958653491
276.1	39.61	-0.46763222775327207
33.24	88.72	-0.3653281095076291
88.72	585.9	-0.3975818884286988
311	37.23	-0.3654434896945319
311	88.56	-0.4325490287443203
311	995.92	-0.4028120937239176
427.31	486	-0.5826700020168099
427.31	276.1	-0.5340518543194223
